@00000000
37 01 02 00 EF 10 00 04 13 06 F0 0F B7 06 03 00 
23 82 C6 00 6F F0 9F FF 
@00001000
37 47 00 00 83 27 C7 E8 33 45 F5 00 13 05 D5 0A 
23 26 A7 E8 67 80 00 00 83 47 05 00 63 82 07 02 
37 47 00 00 83 26 C7 E8 B3 C7 D7 00 93 87 97 20 
23 26 F7 E8 13 05 15 00 83 47 05 00 E3 94 07 FE 
67 80 00 00 13 01 01 FD 23 26 11 02 23 24 81 02 
23 22 91 02 23 20 21 03 23 2E 31 01 23 2C 41 01 
23 2A 51 01 23 28 61 01 23 26 71 01 23 24 81 01 
23 22 91 01 B7 17 00 00 93 87 87 2C 37 37 00 00 
13 07 07 BC 33 87 E7 00 93 06 00 7D 23 A0 D7 00 
93 87 47 00 E3 9C E7 FE B7 4A 00 00 93 8A 4A E8 
37 1A 00 00 13 0B FA AE 13 0A FA 5D 13 0C 00 00 
B7 2B 00 00 93 8B 0B 71 93 0C F0 FF 83 A7 4A 00 
13 94 27 00 33 04 F4 00 13 14 34 00 33 04 F4 40 
13 14 44 00 33 04 F4 00 13 14 44 00 93 05 0A 00 
13 05 04 00 EF 00 C0 1A 23 A2 AA 00 93 05 0A 00 
13 05 04 00 EF 00 80 11 13 04 05 00 93 09 0B 00 
13 09 EA FF 93 84 0A 00 93 85 09 00 13 05 04 00 
EF 00 80 0D 83 A7 04 00 13 94 27 00 33 04 F4 00 
13 14 34 00 33 04 F4 40 13 14 44 00 33 04 F4 00 
13 14 44 00 33 04 A4 00 93 05 09 00 13 05 04 00 
EF 00 00 15 23 A0 A4 00 93 05 09 00 13 05 04 00 
EF 00 C0 0B 13 04 05 00 93 89 F9 FF 93 84 C4 FF 
13 09 E9 FF E3 92 09 FA 93 85 0B 00 EF 00 00 0A 
33 05 85 01 EF F0 DF E8 93 85 0B 00 13 05 04 00 
EF 00 00 11 13 0C 05 00 13 0A 4A FE 13 0B 2B FF 
93 8A 8A FC E3 14 9A F3 37 15 00 00 13 05 05 2C 
EF F0 9F E7 93 05 D0 0F B7 47 00 00 03 A5 C7 E8 
EF 00 00 0E 83 20 C1 02 03 24 81 02 83 24 41 02 
03 29 01 02 83 29 C1 01 03 2A 81 01 83 2A 41 01 
03 2B 01 01 83 2B C1 00 03 2C 81 00 83 2C 41 00 
13 01 01 03 67 80 00 00 13 06 05 00 13 05 00 00 
93 F6 15 00 63 84 06 00 33 05 C5 00 93 D5 15 00 
13 16 16 00 E3 96 05 FE 67 80 00 00 63 40 05 06 
63 C6 05 06 13 86 05 00 93 05 05 00 13 05 F0 FF 
63 0C 06 02 93 06 10 00 63 7A B6 00 63 58 C0 00 
13 16 16 00 93 96 16 00 E3 6A B6 FE 13 05 00 00 
63 E6 C5 00 B3 85 C5 40 33 65 D5 00 93 D6 16 00 
13 56 16 00 E3 96 06 FE 67 80 00 00 93 82 00 00 
EF F0 5F FB 13 85 05 00 67 80 02 00 33 05 A0 40 
63 D8 05 00 B3 05 B0 40 6F F0 DF F9 B3 05 B0 40 
93 82 00 00 EF F0 1F F9 33 05 A0 40 67 80 02 00 
93 82 00 00 63 CA 05 00 63 4C 05 00 EF F0 9F F7 
13 85 05 00 67 80 02 00 B3 05 B0 40 E3 58 05 FE 
33 05 A0 40 EF F0 1F F6 33 05 B0 40 67 80 02 00 
@000012C0
0A 00 00 00 
@000012C4
FD 00 00 00 
