@00000000
37 01 02 00 EF 10 80 15 13 06 F0 0F B7 06 03 00 
23 82 C6 00 6F F0 9F FF 
@00001000
37 B7 00 00 83 27 07 0B 33 45 F5 00 13 05 D5 0A 
23 28 A7 0A 67 80 00 00 83 47 05 00 63 82 07 02 
37 B7 00 00 83 26 07 0B B3 C7 D7 00 93 87 97 20 
23 28 F7 0A 13 05 15 00 83 47 05 00 E3 94 07 FE 
67 80 00 00 13 01 01 FF 23 26 11 00 23 24 81 00 
23 22 91 00 93 84 05 00 33 07 B5 00 93 57 F7 01 
B3 87 E7 00 93 D7 17 40 93 97 27 00 37 17 00 00 
13 07 07 2E B3 87 E7 00 83 A6 07 00 13 04 05 00 
37 18 00 00 13 08 08 2E B7 08 00 40 93 88 F8 FF 
63 C0 85 06 93 17 24 00 B3 87 07 01 03 A7 07 00 
93 07 14 00 93 97 27 00 B3 87 07 01 63 5E D7 06 
13 04 14 00 93 87 47 00 03 A7 C7 FF E3 4A D7 FE 
93 97 25 00 B3 87 07 01 03 A6 07 00 63 D0 C6 02 
B3 87 15 01 93 97 27 00 B3 87 07 01 93 85 F5 FF 
93 87 C7 FF 03 A6 47 00 E3 CA C6 FE 63 D6 85 04 
63 40 B5 02 63 42 94 02 13 05 00 00 83 20 C1 00 
03 24 81 00 83 24 41 00 13 01 01 01 67 80 00 00 
EF F0 5F F3 6F F0 1F FE 93 85 04 00 13 05 04 00 
EF F0 5F F2 6F F0 5F FD 93 97 25 00 B3 87 07 01 
03 A6 07 00 E3 CE C6 F8 93 17 24 00 B3 87 07 01 
23 A0 C7 00 93 97 25 00 B3 87 07 01 23 A0 E7 00 
13 04 14 00 93 85 F5 FF 6F F0 9F F3 13 01 01 FE 
23 2E 11 00 23 2C 81 00 23 2A 91 00 23 28 21 01 
23 26 31 01 B7 17 00 00 83 A5 C7 2D 63 50 B0 02 
93 87 05 00 37 17 00 00 13 07 47 2E 23 20 F7 00 
93 87 F7 FF 13 07 47 00 E3 9A 07 FE 13 05 10 00 
EF F0 5F EA B7 17 00 00 83 A7 C7 2D 63 5C F0 02 
37 14 00 00 13 04 44 2E 93 04 10 00 B7 19 00 00 
37 19 00 00 03 25 04 00 EF F0 9F E3 13 85 09 2D 
EF F0 9F E4 93 84 14 00 13 04 44 00 83 27 C9 2D 
E3 D2 97 FE 37 15 00 00 13 05 45 2D EF F0 DF E2 
93 05 D0 0F B7 B7 00 00 03 A5 07 0B EF 00 40 0A 
83 20 C1 01 03 24 81 01 83 24 41 01 03 29 01 01 
83 29 C1 00 13 01 01 02 67 80 00 00 63 40 05 06 
63 C6 05 06 13 86 05 00 93 05 05 00 13 05 F0 FF 
63 0C 06 02 93 06 10 00 63 7A B6 00 63 58 C0 00 
13 16 16 00 93 96 16 00 E3 6A B6 FE 13 05 00 00 
63 E6 C5 00 B3 85 C5 40 33 65 D5 00 93 D6 16 00 
13 56 16 00 E3 96 06 FE 67 80 00 00 93 82 00 00 
EF F0 5F FB 13 85 05 00 67 80 02 00 33 05 A0 40 
63 D8 05 00 B3 05 B0 40 6F F0 DF F9 B3 05 B0 40 
93 82 00 00 EF F0 1F F9 33 05 A0 40 67 80 02 00 
93 82 00 00 63 CA 05 00 63 4C 05 00 EF F0 9F F7 
13 85 05 00 67 80 02 00 B3 05 B0 40 E3 58 05 FE 
33 05 A0 40 EF F0 1F F6 33 05 B0 40 67 80 02 00 
@000012D0
20 00 00 00 0A 00 00 00 
@000012D8
FD 00 00 00 
@000012DC
10 27 00 00 
